% time     seconds  usecs/call     calls    errors syscall
------ ----------- ----------- --------- --------- ----------------
100.00  372.029610   186014805         2         1 wait4
  0.00    0.000294          12        23           openat
  0.00    0.000246          11        22         4 stat
  0.00    0.000177           7        23           close
  0.00    0.000167           5        30           mmap
  0.00    0.000166           7        22           fstat
  0.00    0.000149           9        16           rt_sigaction
  0.00    0.000149         149         1           clone
  0.00    0.000097           8        11           rt_sigprocmask
  0.00    0.000096           8        11         2 ioctl
  0.00    0.000087           7        12           read
  0.00    0.000072          10         7         2 access
  0.00    0.000046           9         5           getuid
  0.00    0.000045           9         5           getegid
  0.00    0.000043           8         5           getgid
  0.00    0.000043           8         5           geteuid
  0.00    0.000038           9         4           lseek
  0.00    0.000035           8         4           brk
  0.00    0.000031           6         5           mprotect
  0.00    0.000031          31         1           dup2
  0.00    0.000029          29         1           munmap
  0.00    0.000025           8         3         1 fcntl
  0.00    0.000018           9         2           getpid
  0.00    0.000018           9         2           prlimit64
  0.00    0.000013          13         1           sysinfo
  0.00    0.000010          10         1           uname
  0.00    0.000010          10         1           getppid
  0.00    0.000010          10         1           getpgrp
  0.00    0.000008           8         1           rt_sigreturn
  0.00    0.000000           0         6           pread64
  0.00    0.000000           0         1           execve
  0.00    0.000000           0         2         1 arch_prctl
------ ----------- ----------- --------- --------- ----------------
100.00  372.031763                   236        11 total
